4.5
0
0.5
0
2
0.5
0
0
0
0
0
0
0
0
0.5
0
0
0
0
0
0
0
0
0
0
0
0
0
0
0
0.5
0
0
0
0.5
0
0
0
5
0
9.5
3
0
0
6
0
2.5
13
0
0
0.5
0
0
1
12
0
0
15.5
16
0
0
0
0
0
19.5
1.5
0
0
0
0
2
1.5
1
0
0
0
0
0
7
0
0.5
0
0
0
0
0
0
0
0
0
0
0
0
0
0
0
0
8
0
0
0
0
0
0
7.5
0
0
0
0
0
0
1
12
0
0
0
8.5
0
0
4
29.5
0
3.5
0
2
6
0
0
0
14.5
2
0
0
0
0
0
0
0
0
0
0
0
38
4
8.5
1.5
0
84
53.5
0
0
0
7.5
0
0
86.5
3.5
76.5
1
0
35
32
55
2
0.5
123
73
14.5
38
34
65.5
36.5
31
0
0
5
5
1
0
0
6
14.5
0
0
2
42.5
28.5
0
0
0
0
0
0
0
0
0
0
0
15
5.5
1.5
0
0
0
0
7.5
57.5
0
0
0
0
0
0
0
0
0
9.5
11
4
3.5
0.5
0
0
0
7
58.5
33.5
0.5
0
20
12
14
4.5
3
3
0
0
0
0
0
0
0
0
0
0.5
0
0
0
0
0
0
0.5
0
0
0
0
0
1
35
19
22
82
98.5
0
0
0
0
3.5
7
0.5
0
0
8.5
0
0
0
8
18.5
0
0
0
0
0
0
0
0
14
1
0
0
0
0
20
25
0.5
0
0
0
0
0
2.5
13
17
0
0
0
0
1
4.5
0.5
0
0
9
3
0
0
0
0
0
0
0
6
76
0
0
0
10.5
0
0
0
0
0
0
0
0
8
1
0
0
0
3.5
36
0
0
0
0
0
0
0
0
0
0
0
0
0.5
0
0
1
0
0
0
0
0
0
0
0
0
0
1.5
0
0
0
0
0
0
0
0
0
0
10
17
0
0
13.5
0
0
0.5
0
0
1.5
0
0
8.5
0
0
0
0
0
0
0
4.5
14
19
0
0
0
0
0
16
9
4.5
0
0
0
0
0
0
14.5
21
0.5
1
0
0
40
1.5
14
6.5
0
16.5
30.5
2.5
8.5
9
12.5
0
0
0
0
0
0
12
12
6.5
0
0
0
0
40.5
0.5
0
0
0
0
0
0
16.5
0
0
53.5
0
0
0
0
0
0
0
59
0
10.5
0
0
0.5
0
0
0.5
0
43
44.5
0
0
58.5
0.5
0
0
8.5
17
24
7.5
0
0
0
0
0
0
0
0
0
0
0
35
0.5
0
0
0
0
11
1
0.5
0
0
1.5
2.5
0
0
0
0
0
0
7.5
0
0.5
12
0
1.5
26
0
0
1
50.5
0
0
106.5
40.5
36.5
4
4
2
193.5
0
50
82.5
35.5
10
170
3.5
16.5
4
13.5
21.5
2.5
0.5
0
0
36.5
0
0
0
39
107
8.5
0
0.5
19
0
6.5
134.5
12
9
5.5
0
0
0
0
0.5
0
0
0
1.5
59
0
0
0
0
0
0
0
2
0
59.5
61.5
0
0
0
0
0
0
0
2
0
16.5
24
0
0
6
36.5
10
46
1
14
0
3.5
0
0
23.5
0.5
0
0
0
0
5.5
13
0
16
16
51
4.5
0
0
0
0
33.5
0
0
0
0
0
1
64.5
16
0
0
0
0
0
0
0
0
0
0
0
0
0
0
0
0
20.5
0
0
0
0
0
4
0
0
0
0
11
0
0
0
0
0
0
18
2
0
0
0
0
18.5
32
0
3.5
1
0
0
25
0
0
0
1
2.5
2.5
0
0
14
0
0
2
0.5
0
9.5
0
0
5.5
0
4.5
0.5
0
0
0
0
0
10
23.5
0
0
0
0
0
25
1
0.5
0
0
0
0
16
0
12.5
0.5
0
0
0
0
0
0
0
0
0
0
0
0
33.5
6
0
0
0
0
0
0
18.5
7.5
1.5
0
3
0
0
0
0
0
0
9.5
14
0
18.5
27.5
0.5
0
0
0
0
0
13
0
3.5
10.5
0
0
33.5
1
0
0
0
0
0
0
51.5
16.5
0
8
0
0
0
0
0
0
0
0
0
0
0
7.5
0
0
0
0
13.5
0
30.5
0
3
0.5
2.5
0
0
15
0
0
0
0
0
8.5
0
0
0
29
0.5
0
0
0
0
0
0
2
0.5
0
13.5
0
0
17.5
0
0
2.5
15
0
0
0
0
0
31.5
0
0
0
0
0
0
0
0
0
18
2
0
0
0
0
0
0
0
18
0
0
0
0
0
0
0
0
2.5
4.5
7.5
2
14
5
1.5
0
0
1.5
0
25
55.5
5.5
3.5
0
0
0
9
0.5
0
0
0
0
17
2.5
32
41.5
119
24
0.5
29
5
34.5
0.5
1
0
4.5
0
4
2.5
0
0
0
0
0
0
0
0
0
0
0
0
0
0
0
0
0
0
0
2
0
1.5
0.5
0
0
0
0
5
20
0
0
0
0
0
0
0
0
0
2
0
0
0
0
0
0
0
0.5
0
7
37.5
0
0
0
4.5
16.5
138.5
110.5
65
24
0
0
0
0
0
0
0
0
0
0
0
0
0
0
0
0
0
2
0
0
0
0
0
0
3.5
0
0
0
0
0
36.5
0.5
14
44.5
0
0
0
0
0
0
0
0
0
9.5
0
0
0
0
5
19.5
24.5
0
0
0
0
0
0
0
5
8
2.5
0
0
13.5
0
0
28
0
0
0
5
3.5
0
1
5
8.5
0.5
0
0
0
0
21
0
7.5
2.5
3
0
1
1
0
0
0
0
0
0
33
0
4.5
0.5
7
0
0
8
26.5
15
2
4
1
0
0
0
0.5
1
0
0
0
0
0
0
0
1.5
0
0
0
0
19
0
0
0
0
0
0.5
0
0
0
0
0
0
1
0
0
0
15
0
0
0
0.5
22
0
0
2.5
0
0
0
3.5
1.5
13.5
0
18.5
0
0
19
3
0
0
12
21
11
0
0
0
0
0
0
47.5
2.5
0
20
0.5
0
6.5
7.5
0
0
11
2.5
0
0
0.5
43.5
1.5
0
0
0.5
4
2.5
13.5
0
0
0
0
0
5
0
0
60.5
9.5
0
0
0
2.5
2
0
0
0
0
0
0
0
1
36.5
0
0
0
9
16.5
1.5
15.5
2.5
9
0
0
0
0
0
18.5
0
0
0
0
0
0
4.5
0
0
0
0
0
0
59
0
64.5
0
0
0
0.5
2
17.5
0
0
0
0
0
77.5
0
0
0
0
0
0
37
29
26.5
8
0
0
1
0
35
1
0
0
0
0
0.5
84
17
0
12.5
172.5
34.5
1.5
0
0
35.5
176
0.5
0
0
0
25
10.5
0
0
2.5
0
0
108.5
61
0
1
7.5
9
17
0
0
0
0
1
0
0.5
1.5
0
0
0
0
0
0
13
105
93
38
2
72
57.5
0
0
0.5
57
0
0
0
0
15
10.5
0
0
18
3
4.5
0
4.5
0
0
6.5
36.5
0
0
22.5
4
0
0
0
19.5
16
1
0
0
0
0
0
0
0.5
29
0.5
6.5
0
0
1.5
147
11.5
22
4
3.5
31.5
0.5
0
0
0
0
0
13.5
0
1
0
17
0
0
0
0
0
0
6
38
0
0
0
0
0
0
0
0.5
2
0
0
0
3
0
0
0
0
0
16.5
0.5
0
0
0
0
0
0
19
0
0
0
0
0
0
0
3
0
0
0
4.5
0
0
10.5
25.5
3
0
11
0
39
0
0
0
6.5
8.5
5
0
0.5
0
4.5
2
0
3.5
0
0
21
6
0
1
35
2
2.5
0
0
0
0
0
1
0
0
3
3
4
0
0
0
5
0
0
0
0
0
0
0
20.5
37.5
0
0
0
0
0
24.5
2
0
0
0
51
0
0
4
5
0
0
0
0
0
0
0
1
3.5
0
0
0
2
0
0
0
2
0
0
0
0
2
39
0
0
0
28
0
1.5
11.5
0
9
0
0
9
0
0
17.5
0
0
0
0
0
17
7.5
0
7.5
13
0
0
0
0
0
0
0
0
0
10.5
0
3
2.5
0
1.5
2.5
0.5
32
4
9
9
17.5
0
1.5
2.5
10.5
4
0
0
0
55.5
18
0
0
0
0
0
0
0
3
0
25.5
16
0
20
0
0
0.5
1.5
0
26.5
0
0
26.5
0
16
64.5
27.5
0
10.5
2
0
0
0
0
0
0
0
0
1
0
22
0
0
20.5
59.5
0
69.5
0
10
88
67
78.5
113.5
7
58
99
50
60
52
89
0.5
0
0
7
32.5
108.5
160
2.5
46.5
6
0
15.5
32.5
114
3.5
38
16
106.5
0
0
0
0
5
0
83
0.5
0
0
0
0
1
64
26.5
14.5
2
0
0
3.5
19
0
0
0
0
0
0
0
0
0
0.5
0
0
0
0
0
25
5.5
0
0
46
14.5
23.5
1.5
0
0
2
0
39.5
83
0
0
0.5
46.5
39
58.5
30.5
6.5
30
0
10.5
69
0
1
0
0
0
0
0
0
1.5
1
0.5
7
0
0
0
0
5.5
7
0
0
1
0
52
4
25
4
0
0
0
0
0
0
0
0
0
0
0
0
0
0
0
0
0
0
0
0
0
0
0
0
8
0
0
11.5
0
0.5
3
0
0
0
0
0
23
4
0
0
0
14
10.5
0.5
0
31
74.5
0
0
0
0
12
0
0
3
0.5
0
5.5
1
0
37
0
0
0.5
25.5
0
0
0
126.5
1.5
0
0
0.5
2
0.5
0.5
0
0
0
2
0
17
0.5
0
0
0
0
0
0
1
0
9.5
0.5
0
2
14.5
0
0.5
0
0
6
2
1
0.5
0
0
14
2
3
0
0
0
0
16
0
0.5
0
1
85.5
0.5
0
0
0
0
0
0
0
0
0
0
0
0
1
20
0.5
0
3.5
1.5
0
0.5
55.5
0
10.5
22
0
0
0
0
0
0
0
0
0
0
0
0
0
0
66.5
0
0
0
4
22
0
1.5
0
87.5
0.5
0
0
0
4.5
0
0
0
0
0
0
3
32.5
0.5
0
5
20.5
0
1
14
2.5
0
7.5
0
0
1.5
0
0
11
45
0
0
0
74.5
0
14
48
26
5
25.5
1
0
0
0
0
35.5
0
0
33.5
1
29
67.5
88.5
0
0
0
0
0
28.5
0
0
0
0
0
0
0
3
8
0
5
16
27
0
0
1.5
0
0
10.5
2
1
0
0
0
0
0
37.5
56
0
2
91
0.5
0
172.5
17
40
1.5
1.5
1
2.5
0
101.5
60
104.5
70
0.5
3.5
3
0
0
0
4
162.5
85
69.5
42
18
16.5
36
0
14
15.5
0
0
23.5
0
0
0
0
0
0
0
0
0
0
0
0
0
4
0
0
0
0.5
0
0
0
0
0.5
0
1.5
0
0
0
1
0
1.5
0
0
43
1
0
0
17.5
2
0
5
0
0
3
78.5
13
0
0
0.5
0
0
0
2
36.5
0.5
17
1.5
0
41.5
16.5
27
102
0
0
0
0
0.5
0
0.5
0
0
0
0
0
17.5
11
27
0
0
2
27
0
0
0
0
0
12
0
2
0
0
0
2
102.5
24.5
0
0
0
3.5
7.5
0
0
10
0
0
0
0
0
0
0
0
0
16.5
0
0
0
35
0
0
0.5
11.5
0
0
24
0
0
4.5
0
0.5
29.5
0
0
2
0.5
0
0
4
0
0
0
0
0
0
0
0
46.5
0
0
0
0
0
0
0
0
32.5
0
0
0
1
2
0
0
0
0
0
0
0
0
0
8.5
1.5
3.5
0
0
0
0
0
0
0
0
0
4
0
2
0
0.5
0.5
0
0
0
0.5
0
5.5
7.5
0
0
0
0
0
17.5
0
0
0
10.5
8.5
2
0
0
0
0
0
6
0
0
8.5
0
11.5
19
0
0
0
0
0
4.5
6.5
0
0
21
1
0.5
0
0.5
0
0
0
18.5
3.5
0
0
0
0
0
17
4
0
9
0
14
3
4
0
10
4.5
18
0
0
0
0
0
9.5
103.5
61.5
0
57
1
0
0
0
0
92
39
0
0
12.5
0
0
0
0.5
0
19.5
0
0
0
0
0
0
4.5
0
0
1
0
0
49
0.5
0
74.5
18.5
0
0
0
0
0
0
0
0
0
0
8.5
1.5
0
0
0
0
0
0
0
0
0
0
0
0
60
0
0
2.5
67.5
0
0.5
0
0
0
0
0
0
142
1
54.5
27.5
53
19.5
12.5
8.5
13
0.5
14
0
0
0
34.5
0
6
4.5
9
3
2
0
0
0
0
0
0
0
0
43.5
0.5
0
0
0
75.5
0
0
28
0
0
0
22.5
0
0
0
0
15.5
17
0
0
7.5
5.5
14.5
0
0
1
48.5
3.5
0
0
0
0
12.5
1
0
0
0.5
1
11
0
0
0
0
0
0
0
6
1
0
51
0
0
0
0
21
0
0
21.5
14.5
55
0
0
0
15.5
129.5
0
6
0
0
16.5
0
0
0
0
3
15.5
0
0
0
1
0
0
0
0
0
0
6.5
3.5
0
15.5
5
3
0
14
28.5
0
0
0
0
1.5
17.5
27
0
0
0
1
5.5
0
0
0
5
11
0
1.5
13.5
0
7
7.5
0
0
17.5
19.5
0
0
0
9
0
0
0
8
0
0
3
1.5
0
0
0
0
0
0
0.5
3
0
3.5
0
0
0
0
0
1
0
0
0
0
0
0
0
20
0
0
0
0
0
0
1
0
0
0
0
13.5
0
0
32.5
5
14.5
1.5
0
0
0
0
0
19
0
0
0
0
6.5
0
0
0
0
0
3.5
0
0
0
12
0
0
0
0
0
0
0
0
10
1
8.5
0.5
0
5.5
1
0
0
13.5
1.5
8.5
0
0
0
10
0
0
25.5
0.5
0
46
0
21
0
0
21
0
0
0
0
0
0
0
13
0
0
19
25.5
12.5
0
0
0
0
0
0
0
0
0
0
0
0
0
0
4
25.5
0
0
0
0
0.5
0
0
43.5
0
0
22
0
0
0
0
0
0
26
0
0
0
0
0
0
13.5
100.5
0
0
0
0.5
39.5
53.5
0
0
0
0
22.5
0
0
0
0
0
40.5
0
6.5
0
1
0
0.5
54.5
0
6.5
0
0
3
0
0
0
0
24.5
0.5
7
19.5
0
0
11
0
0
1
0.5
0
6
0
53.5
86.5
18.5
21
72
0
0
17.5
0
0
0.5
0
10
31
101.5
9
22.5
7
138.5
27.5
0
0
0
0
0
0
0
0
0
0
0
2.5
25.5
0
0
0
0
0
4.5
0
30.5
16.5
10
3.5
3
0
0
0
0
0
0
0
0
0
0
0
0
3.5
0
0
0
0
0
0
1
0
23.5
0
0
0
0
0
0.5
11
19.5
0.5
0
1
0
0
36
27.5
47
0
0
21
4.5
0
0
0
0
0
0
48
18
0
0
5
0
9.5
4
0.5
13
113.5
0
0
0.5
21
2
8.5
0
0
0
0.5
2
0
0
0
4.5
0
0
0
0
0
0
0
3
0
0
11.5
0
0
0
0
0
0
0
0
0
0
0
0
0
12.5
0
0
27.5
0
0
0
10.5
0.5
1.5
6
0
5.5
18
0
0
0
2
3
5
0
0
0
0
133
53
0
2
0
0
0
0
7.5
0
0
0
0
26
0
0
0
1
12
0
3.5
0
0
7
0
0
0
0
0
0
0
0
0
2.5
0
0
0
0
0
4
11
0
0
0
0
0
0
0
3
0
0
0
0
0
0
0
0
0
0
14
0
0
13.5
0
0
9.5
24.5
0
0
0.5
1
0.5
11.5
0
10.5
0
0
0
49
0
0
17.5
0
3.5
2.5
0
12
2
0
26
25
12
0
25.5
0
0
0
35
0
0
0
0
0.5
0
0
2.5
7.5
0
20
0
0
0
4.5
1.5
0
8
1
0
0
0
0
0
0
4
0
0
0
7.5
49
0
0
0
3
0
0
1
0
0
0
0
0
2
13
11.5
0
0
0
13.5
25.5
8.5
0
0
0
0
0
0
1
20.5
0
0.5
0
0
9
0
0
0
43
38.5
2.5
0
0
0
0
0
0
0
5.5
0
0
3.5
0
7
0
4
0.5
0.5
11
0
0
0
0
0
0
24
32
0
0
1
15
0
0
0
7
0
0
11
24
76.5
13
27
119.5
46.5
375
1.5
0
0
0
21.5
0
53
1.5
0
29
125.5
0
0.5
3
23.5
0
37.5
95
12.5
0
0
0
17.5
43
0
0
0
0
0
0
0
0
0
6
1.5
0
0
0
0.5
0.5
0
10
33
0
0
0
14
13.5
0
13
37.5
19
8.5
10
3
0
3.5
5
7.5
0
0
0
0
3.5
15
1.5
4
0
0
0
6.5
0
2
0
0
0
0
0
12
12.5
27.5
1.5
0.5
0
0
0
0
0
0
0
30
6
0
0
0
0
0
0
0
0
0
0
0
0
0
0
0
0
0
25
0
28
1.5
0
0
0
3.5
6.5
0
0
0
0
0
0
0
0
0
0
0
0
3.5
0
0
2
0
0
0
6.5
0
0
0
17
0
42.5
1.5
0
0
0.5
0
0
8.5
25
0
0
0
0
0
0
0
0
0
0
0
1.5
0
3.5
8
0
0
0
14.5
32.5
0
0
21
9
0
0
0
17
0
